%%全局变量
global glv
glv.Re=6378137.0;%(m)
glv.Wie=0.00007292115147;%(rad/s)
glv.G=9.80147;
glv.R2D=180/pi;
glv.D2R=1/glv.R2D;
glv.DH2RS=pi/180/3600;